74 9
aegccaffiiagdfbeiffeieedgbgaaafiacfhaabiiciibficbdceadiihdffcgeegfgbfchbig
cbdbgehdafhchehdgiffdaggfdecgebibbhcaiaaibacegffighggagcdbhiiifgibidhaghah
0 15 25 23 30 28 25 39 36
15 0 21 50 43 47 37 25 37
25 21 0 27 39 15 48 33 29
23 50 27 0 15 10 49 44 47
30 43 39 15 0 50 48 33 15
28 47 15 10 50 0 20 33 34
25 37 48 49 48 20 0 36 40
39 25 33 44 33 33 36 0 38
36 37 29 47 15 34 40 38 0
